
--Converted with ttyyuu12345's model to script plugin v4
function sandbox(var,func)
	local env = getfenv(func)
	local newenv = setmetatable({},{
		__index = function(self,k)
			if k=="script" then
				return var
			else
				return env[k]
			end
		end,
	})
	setfenv(func,newenv)
	return func
end
cors = {}
mas = Instance.new("Model",game:GetService("Lighting"))
Model0 = Instance.new("Model")
Model1 = Instance.new("Model")
Part2 = Instance.new("Part")
Part3 = Instance.new("Part")
Part4 = Instance.new("Part")
Part5 = Instance.new("Part")
Part6 = Instance.new("Part")
Part7 = Instance.new("Part")
Part8 = Instance.new("Part")
Part9 = Instance.new("Part")
Model10 = Instance.new("Model")
Part11 = Instance.new("Part")
Part12 = Instance.new("Part")
Part13 = Instance.new("Part")
Part14 = Instance.new("Part")
Part15 = Instance.new("Part")
Part16 = Instance.new("Part")
Part17 = Instance.new("Part")
Part18 = Instance.new("Part")
Part19 = Instance.new("Part")
Part20 = Instance.new("Part")
Part21 = Instance.new("Part")
Part22 = Instance.new("Part")
Part23 = Instance.new("Part")
Part24 = Instance.new("Part")
Model25 = Instance.new("Model")
Part26 = Instance.new("Part")
Part27 = Instance.new("Part")
Part28 = Instance.new("Part")
Part29 = Instance.new("Part")
Part30 = Instance.new("Part")
Part31 = Instance.new("Part")
Part32 = Instance.new("Part")
Part33 = Instance.new("Part")
Part34 = Instance.new("Part")
Part35 = Instance.new("Part")
Part36 = Instance.new("Part")
Part37 = Instance.new("Part")
Model38 = Instance.new("Model")
Part39 = Instance.new("Part")
Part40 = Instance.new("Part")
Part41 = Instance.new("Part")
Part42 = Instance.new("Part")
Part43 = Instance.new("Part")
Part44 = Instance.new("Part")
Part45 = Instance.new("Part")
Part46 = Instance.new("Part")
Part47 = Instance.new("Part")
Part48 = Instance.new("Part")
Part49 = Instance.new("Part")
Part50 = Instance.new("Part")
Model51 = Instance.new("Model")
Part52 = Instance.new("Part")
Part53 = Instance.new("Part")
Part54 = Instance.new("Part")
Part55 = Instance.new("Part")
Part56 = Instance.new("Part")
Part57 = Instance.new("Part")
Part58 = Instance.new("Part")
Part59 = Instance.new("Part")
Part60 = Instance.new("Part")
Part61 = Instance.new("Part")
Part62 = Instance.new("Part")
Part63 = Instance.new("Part")
Part64 = Instance.new("Part")
Part65 = Instance.new("Part")
Part66 = Instance.new("Part")
Model67 = Instance.new("Model")
Part68 = Instance.new("Part")
Part69 = Instance.new("Part")
Part70 = Instance.new("Part")
Part71 = Instance.new("Part")
Part72 = Instance.new("Part")
Part73 = Instance.new("Part")
Part74 = Instance.new("Part")
Part75 = Instance.new("Part")
Part76 = Instance.new("Part")
Part77 = Instance.new("Part")
Part78 = Instance.new("Part")
Part79 = Instance.new("Part")
Model80 = Instance.new("Model")
Part81 = Instance.new("Part")
Part82 = Instance.new("Part")
Part83 = Instance.new("Part")
Part84 = Instance.new("Part")
Part85 = Instance.new("Part")
Part86 = Instance.new("Part")
Part87 = Instance.new("Part")
Part88 = Instance.new("Part")
Part89 = Instance.new("Part")
Part90 = Instance.new("Part")
Part91 = Instance.new("Part")
Part92 = Instance.new("Part")
Model93 = Instance.new("Model")
Part94 = Instance.new("Part")
Part95 = Instance.new("Part")
Part96 = Instance.new("Part")
Part97 = Instance.new("Part")
Part98 = Instance.new("Part")
Part99 = Instance.new("Part")
Part100 = Instance.new("Part")
Part101 = Instance.new("Part")
Part102 = Instance.new("Part")
Part103 = Instance.new("Part")
Part104 = Instance.new("Part")
Part105 = Instance.new("Part")
Model106 = Instance.new("Model")
Part107 = Instance.new("Part")
Part108 = Instance.new("Part")
Part109 = Instance.new("Part")
Part110 = Instance.new("Part")
Part111 = Instance.new("Part")
Part112 = Instance.new("Part")
Part113 = Instance.new("Part")
Part114 = Instance.new("Part")
Part115 = Instance.new("Part")
Part116 = Instance.new("Part")
Part117 = Instance.new("Part")
Part118 = Instance.new("Part")
Model119 = Instance.new("Model")
Part120 = Instance.new("Part")
Part121 = Instance.new("Part")
Part122 = Instance.new("Part")
Part123 = Instance.new("Part")
Part124 = Instance.new("Part")
Part125 = Instance.new("Part")
Part126 = Instance.new("Part")
Part127 = Instance.new("Part")
Part128 = Instance.new("Part")
Part129 = Instance.new("Part")
Part130 = Instance.new("Part")
Part131 = Instance.new("Part")
Part132 = Instance.new("Part")
Part133 = Instance.new("Part")
Part134 = Instance.new("Part")
Part135 = Instance.new("Part")
Part136 = Instance.new("Part")
Part137 = Instance.new("Part")
Part138 = Instance.new("Part")
Part139 = Instance.new("Part")
Part140 = Instance.new("Part")
Part141 = Instance.new("Part")
Part142 = Instance.new("Part")
Part143 = Instance.new("Part")
Part144 = Instance.new("Part")
Part145 = Instance.new("Part")
Part146 = Instance.new("Part")
Part147 = Instance.new("Part")
Model148 = Instance.new("Model")
Part149 = Instance.new("Part")
Part150 = Instance.new("Part")
Part151 = Instance.new("Part")
Part152 = Instance.new("Part")
Model153 = Instance.new("Model")
Part154 = Instance.new("Part")
Part155 = Instance.new("Part")
Part156 = Instance.new("Part")
Part157 = Instance.new("Part")
Model158 = Instance.new("Model")
Part159 = Instance.new("Part")
Part160 = Instance.new("Part")
Part161 = Instance.new("Part")
Part162 = Instance.new("Part")
Model163 = Instance.new("Model")
Model164 = Instance.new("Model")
Part165 = Instance.new("Part")
Part166 = Instance.new("Part")
Part167 = Instance.new("Part")
Part168 = Instance.new("Part")
Part169 = Instance.new("Part")
Part170 = Instance.new("Part")
Model171 = Instance.new("Model")
Part172 = Instance.new("Part")
Part173 = Instance.new("Part")
Part174 = Instance.new("Part")
Part175 = Instance.new("Part")
Part176 = Instance.new("Part")
Part177 = Instance.new("Part")
Model178 = Instance.new("Model")
Model179 = Instance.new("Model")
Part180 = Instance.new("Part")
Part181 = Instance.new("Part")
Part182 = Instance.new("Part")
Part183 = Instance.new("Part")
Part184 = Instance.new("Part")
Part185 = Instance.new("Part")
Part186 = Instance.new("Part")
Part187 = Instance.new("Part")
Part188 = Instance.new("Part")
Part189 = Instance.new("Part")
Part190 = Instance.new("Part")
Part191 = Instance.new("Part")
Part192 = Instance.new("Part")
Part193 = Instance.new("Part")
Part194 = Instance.new("Part")
Part195 = Instance.new("Part")
Part196 = Instance.new("Part")
Part197 = Instance.new("Part")
Part198 = Instance.new("Part")
Part199 = Instance.new("Part")
Seat200 = Instance.new("Seat")
Seat201 = Instance.new("Seat")
Model202 = Instance.new("Model")
Part203 = Instance.new("Part")
Part204 = Instance.new("Part")
Part205 = Instance.new("Part")
Part206 = Instance.new("Part")
Part207 = Instance.new("Part")
Part208 = Instance.new("Part")
Model209 = Instance.new("Model")
Part210 = Instance.new("Part")
Part211 = Instance.new("Part")
Part212 = Instance.new("Part")
Part213 = Instance.new("Part")
Part214 = Instance.new("Part")
Part215 = Instance.new("Part")
Model216 = Instance.new("Model")
Part217 = Instance.new("Part")
SpecialMesh218 = Instance.new("SpecialMesh")
Attachment219 = Instance.new("Attachment")
Attachment220 = Instance.new("Attachment")
Attachment221 = Instance.new("Attachment")
Attachment222 = Instance.new("Attachment")
Decal223 = Instance.new("Decal")
Part224 = Instance.new("Part")
Decal225 = Instance.new("Decal")
Attachment226 = Instance.new("Attachment")
Attachment227 = Instance.new("Attachment")
Attachment228 = Instance.new("Attachment")
Attachment229 = Instance.new("Attachment")
Attachment230 = Instance.new("Attachment")
Attachment231 = Instance.new("Attachment")
Attachment232 = Instance.new("Attachment")
Attachment233 = Instance.new("Attachment")
Motor6D234 = Instance.new("Motor6D")
Motor6D235 = Instance.new("Motor6D")
Motor6D236 = Instance.new("Motor6D")
Motor6D237 = Instance.new("Motor6D")
Motor6D238 = Instance.new("Motor6D")
Part239 = Instance.new("Part")
Attachment240 = Instance.new("Attachment")
Attachment241 = Instance.new("Attachment")
Part242 = Instance.new("Part")
Attachment243 = Instance.new("Attachment")
Attachment244 = Instance.new("Attachment")
Part245 = Instance.new("Part")
Attachment246 = Instance.new("Attachment")
Part247 = Instance.new("Part")
Attachment248 = Instance.new("Attachment")
Humanoid249 = Instance.new("Humanoid")
Part250 = Instance.new("Part")
Attachment251 = Instance.new("Attachment")
Motor6D252 = Instance.new("Motor6D")
Shirt253 = Instance.new("Shirt")
Pants254 = Instance.new("Pants")
Accessory255 = Instance.new("Accessory")
Part256 = Instance.new("Part")
SpecialMesh257 = Instance.new("SpecialMesh")
Attachment258 = Instance.new("Attachment")
Camera259 = Instance.new("Camera")
Accessory260 = Instance.new("Accessory")
Part261 = Instance.new("Part")
SpecialMesh262 = Instance.new("SpecialMesh")
StringValue263 = Instance.new("StringValue")
Attachment264 = Instance.new("Attachment")
Weld265 = Instance.new("Weld")
Configuration266 = Instance.new("Configuration")
ObjectValue267 = Instance.new("ObjectValue")
CFrameValue268 = Instance.new("CFrameValue")
BodyColors269 = Instance.new("BodyColors")
Part270 = Instance.new("Part")
SpecialMesh271 = Instance.new("SpecialMesh")
Sound272 = Instance.new("Sound")
Model0.Parent = mas
Model1.Parent = Model0
Part2.Parent = Model1
Part2.CFrame = CFrame.new(-3233.72778, 166.78067, -1706.93359, 0.360111713, 0.411218613, 0.837387979, -0.0188867673, 0.900638938, -0.434157342, -0.932718039, 0.140529633, 0.332097173)
Part2.Orientation = Vector3.new(25.729999542236328, 68.37000274658203, -1.2000000476837158)
Part2.Position = Vector3.new(-3233.727783203125, 166.78067016601562, -1706.93359375)
Part2.Rotation = Vector3.new(52.59000015258789, 56.869998931884766, -48.790000915527344)
Part2.Color = Color3.new(0.356863, 0.364706, 0.411765)
Part2.Size = Vector3.new(5.360252380371094, 5.360252380371094, 5.360252380371094)
Part2.Anchored = true
Part2.BottomSurface = Enum.SurfaceType.Smooth
Part2.BrickColor = BrickColor.new("Smoky grey")
Part2.Material = Enum.Material.Slate
Part2.TopSurface = Enum.SurfaceType.Smooth
Part2.brickColor = BrickColor.new("Smoky grey")
Part3.Parent = Model1
Part3.CFrame = CFrame.new(-3235.87183, 163.564514, -1709.07764, 0.94597882, 0.156674296, 0.283861488, -0.0188867673, 0.900638938, -0.434157342, -0.323678076, 0.40534246, 0.854944348)
Part3.Orientation = Vector3.new(25.729999542236328, 18.3700008392334, -1.2000000476837158)
Part3.Position = Vector3.new(-3235.871826171875, 163.56451416015625, -1709.07763671875)
Part3.Rotation = Vector3.new(26.920000076293945, 16.489999771118164, -9.399999618530273)
Part3.Color = Color3.new(0.356863, 0.364706, 0.411765)
Part3.Size = Vector3.new(5.360252380371094, 5.360252380371094, 5.360252380371094)
Part3.Anchored = true
Part3.BottomSurface = Enum.SurfaceType.Smooth
Part3.BrickColor = BrickColor.new("Smoky grey")
Part3.Material = Enum.Material.Slate
Part3.TopSurface = Enum.SurfaceType.Smooth
Part3.brickColor = BrickColor.new("Smoky grey")
Part4.Parent = Model1
Part4.CFrame = CFrame.new(-3238.01562, 163.564514, -1711.2218, 0.693139911, -0.301151633, -0.654877722, -0.0188867673, 0.900638938, -0.434157342, 0.720555782, 0.313300252, 0.618580937)
Part4.Orientation = Vector3.new(25.729999542236328, -46.630001068115234, -1.2000000476837158)
Part4.Position = Vector3.new(-3238.015625, 163.56451416015625, -1711.2218017578125)
Part4.Rotation = Vector3.new(35.060001373291016, -40.90999984741211, 23.479999542236328)
Part4.Color = Color3.new(0.356863, 0.364706, 0.411765)
Part4.Size = Vector3.new(5.360252380371094, 5.360252380371094, 5.360252380371094)
Part4.Anchored = true
Part4.BottomSurface = Enum.SurfaceType.Smooth
Part4.BrickColor = BrickColor.new("Smoky grey")
Part4.Material = Enum.Material.Slate
Part4.TopSurface = Enum.SurfaceType.Smooth
Part4.brickColor = BrickColor.new("Smoky grey")
Part5.Parent = Model1
Part5.CFrame = CFrame.new(-3237.48657, 157.828094, -1710.58777, 0.900521219, 0.0522277579, 0.431661338, -0.0658808202, 0.997686267, 0.0167257525, -0.429790556, -0.0434997231, 0.901880026)
Part5.Orientation = Vector3.new(-0.9599999785423279, 25.579999923706055, -3.7799999713897705)
Part5.Position = Vector3.new(-3237.486572265625, 157.82809448242188, -1710.5877685546875)
Part5.Rotation = Vector3.new(-1.059999942779541, 25.56999969482422, -3.319999933242798)
Part5.Color = Color3.new(0.356863, 0.364706, 0.411765)
Part5.Size = Vector3.new(3.216151475906372, 8.576403617858887, 3.216151475906372)
Part5.Anchored = true
Part5.BottomSurface = Enum.SurfaceType.Smooth
Part5.BrickColor = BrickColor.new("Smoky grey")
Part5.Material = Enum.Material.Slate
Part5.TopSurface = Enum.SurfaceType.Smooth
Part5.brickColor = BrickColor.new("Smoky grey")
Part6.Parent = Model1
Part6.CFrame = CFrame.new(-3237.30933, 155.984497, -1710.19019, 0.369881779, 0.244475886, 0.896335125, -0.160676077, 0.967052579, -0.19745934, -0.915078521, -0.0709825307, 0.39697814)
Part6.Orientation = Vector3.new(11.390000343322754, 66.11000061035156, -9.430000305175781)
Part6.Position = Vector3.new(-3237.309326171875, 155.9844970703125, -1710.190185546875)
Part6.Rotation = Vector3.new(26.450000762939453, 63.68000030517578, -33.459999084472656)
Part6.Color = Color3.new(0.356863, 0.364706, 0.411765)
Part6.Size = Vector3.new(1.2864606380462646, 12.435786247253418, 1.0720503330230713)
Part6.Anchored = true
Part6.BottomSurface = Enum.SurfaceType.Smooth
Part6.BrickColor = BrickColor.new("Smoky grey")
Part6.Material = Enum.Material.Slate
Part6.TopSurface = Enum.SurfaceType.Smooth
Part6.brickColor = BrickColor.new("Smoky grey")
Part7.Parent = Model1
Part7.CFrame = CFrame.new(-3237.30933, 155.984329, -1708.90369, 0.403131425, -0.187123701, 0.895805478, 0.169436052, 0.977208436, 0.127877995, -0.899318933, 0.100230649, 0.425650537)
Part7.Orientation = Vector3.new(-7.349999904632568, 64.58000183105469, 9.84000015258789)
Part7.Position = Vector3.new(-3237.309326171875, 155.9843292236328, -1708.9036865234375)
Part7.Rotation = Vector3.new(-16.719999313354492, 63.61000061035156, 24.899999618530273)
Part7.Color = Color3.new(0.356863, 0.364706, 0.411765)
Part7.Size = Vector3.new(2.1441009044647217, 12.435786247253418, 1.9296907186508179)
Part7.Anchored = true
Part7.BottomSurface = Enum.SurfaceType.Smooth
Part7.BrickColor = BrickColor.new("Smoky grey")
Part7.Material = Enum.Material.Slate
Part7.TopSurface = Enum.SurfaceType.Smooth
Part7.brickColor = BrickColor.new("Smoky grey")
Part8.Parent = Model1
Part8.CFrame = CFrame.new(-3238.22534, 155.434753, -1709.19397, 0.402529627, -0.101019263, 0.909814537, -0.0244791061, 0.992347836, 0.121013582, -0.915078521, -0.0709825307, 0.39697814)
Part8.Orientation = Vector3.new(-6.949999809265137, 66.43000030517578, -1.409999966621399)
Part8.Position = Vector3.new(-3238.225341796875, 155.43475341796875, -1709.1939697265625)
Part8.Rotation = Vector3.new(-16.950000762939453, 65.4800033569336, 14.09000015258789)
Part8.Color = Color3.new(0.356863, 0.364706, 0.411765)
Part8.Size = Vector3.new(1.7152808904647827, 13.293427467346191, 1.5008704662322998)
Part8.Anchored = true
Part8.BottomSurface = Enum.SurfaceType.Smooth
Part8.BrickColor = BrickColor.new("Smoky grey")
Part8.Material = Enum.Material.Slate
Part8.TopSurface = Enum.SurfaceType.Smooth
Part8.brickColor = BrickColor.new("Smoky grey")
Part9.Parent = Model1
Part9.CFrame = CFrame.new(-3236.25415, 160.51796, -1711.00854, 0.809798241, 0.586003304, 0.0287526026, -0.306705624, 0.464595735, -0.830711663, -0.50015837, 0.663890302, 0.555959225)
Part9.Orientation = Vector3.new(56.16999816894531, 2.9600000381469727, -33.43000030517578)
Part9.Position = Vector3.new(-3236.254150390625, 160.51795959472656, -1711.008544921875)
Part9.Rotation = Vector3.new(56.209999084472656, 1.649999976158142, -35.88999938964844)
Part9.Color = Color3.new(0.356863, 0.364706, 0.411765)
Part9.Size = Vector3.new(3.6449716091156006, 5.360252380371094, 4.5026116371154785)
Part9.Anchored = true
Part9.BottomSurface = Enum.SurfaceType.Smooth
Part9.BrickColor = BrickColor.new("Smoky grey")
Part9.Material = Enum.Material.Slate
Part9.TopSurface = Enum.SurfaceType.Smooth
Part9.brickColor = BrickColor.new("Smoky grey")
Model10.Parent = Model1
Part11.Parent = Model10
Part11.CFrame = CFrame.new(-3233.40747, 170.889832, -1707.39258, 0.70983547, 0.00471757073, -0.704351425, 0.272522271, 0.920259655, 0.280807883, 0.64951098, -0.391278923, 0.651947677)
Part11.Orientation = Vector3.new(-16.309999465942383, -47.209999084472656, 16.5)
Part11.Position = Vector3.new(-3233.407470703125, 170.88983154296875, -1707.392578125)
Part11.Rotation = Vector3.new(-23.299999237060547, -44.779998779296875, -0.3799999952316284)
Part11.Color = Color3.new(0.356863, 0.364706, 0.411765)
Part11.Size = Vector3.new(5.925913333892822, 5.925913333892822, 5.925913333892822)
Part11.Anchored = true
Part11.BottomSurface = Enum.SurfaceType.Smooth
Part11.BrickColor = BrickColor.new("Smoky grey")
Part11.Material = Enum.Material.Slate
Part11.TopSurface = Enum.SurfaceType.Smooth
Part11.brickColor = BrickColor.new("Smoky grey")
Part12.Parent = Model10
Part12.CFrame = CFrame.new(-3232.98584, 171.904312, -1708.28186, 0.704351425, 0.00471757073, 0.70983547, -0.280807883, 0.920259655, 0.272522271, -0.651947677, -0.391278923, 0.64951098)
Part12.Orientation = Vector3.new(-15.8100004196167, 47.540000915527344, -16.969999313354492)
Part12.Position = Vector3.new(-3232.98583984375, 171.90431213378906, -1708.2818603515625)
Part12.Rotation = Vector3.new(-22.760000228881836, 45.220001220703125, -0.3799999952316284)
Part12.Color = Color3.new(0.294118, 0.592157, 0.294118)
Part12.Size = Vector3.new(0.3950609266757965, 3.7530782222747803, 6.320974826812744)
Part12.Anchored = true
Part12.BottomSurface = Enum.SurfaceType.Smooth
Part12.BrickColor = BrickColor.new("Bright green")
Part12.Material = Enum.Material.Grass
Part12.TopSurface = Enum.SurfaceType.Smooth
Part12.brickColor = BrickColor.new("Bright green")
Part13.Parent = Model10
Part13.CFrame = CFrame.new(-3232.42334, 172.500015, -1709.14624, 0.704351425, 0.00471757073, 0.70983547, -0.280807883, 0.920259655, 0.272522271, -0.651947677, -0.391278923, 0.64951098)
Part13.Orientation = Vector3.new(-15.8100004196167, 47.540000915527344, -16.969999313354492)
Part13.Position = Vector3.new(-3232.42333984375, 172.50001525878906, -1709.146240234375)
Part13.Rotation = Vector3.new(-22.760000228881836, 45.220001220703125, -0.3799999952316284)
Part13.Color = Color3.new(0.294118, 0.592157, 0.294118)
Part13.Size = Vector3.new(0.39506086707115173, 1.9753038883209229, 6.320974826812744)
Part13.Anchored = true
Part13.BottomSurface = Enum.SurfaceType.Smooth
Part13.BrickColor = BrickColor.new("Bright green")
Part13.Material = Enum.Material.Grass
Part13.TopSurface = Enum.SurfaceType.Smooth
Part13.brickColor = BrickColor.new("Bright green")
Part14.Parent = Model10
Part14.CFrame = CFrame.new(-3232.21338, 172.780319, -1709.49316, 0.704351425, 0.00471757073, 0.70983547, -0.280807883, 0.920259655, 0.272522271, -0.651947677, -0.391278923, 0.64951098)
Part14.Orientation = Vector3.new(-15.8100004196167, 47.540000915527344, -16.969999313354492)
Part14.Position = Vector3.new(-3232.21337890625, 172.7803192138672, -1709.4931640625)
Part14.Rotation = Vector3.new(-22.760000228881836, 45.220001220703125, -0.3799999952316284)
Part14.Color = Color3.new(0.294118, 0.592157, 0.294118)
Part14.Size = Vector3.new(0.9876522421836853, 1.1851823329925537, 6.320974826812744)
Part14.Anchored = true
Part14.BottomSurface = Enum.SurfaceType.Smooth
Part14.BrickColor = BrickColor.new("Bright green")
Part14.Material = Enum.Material.Grass
Part14.TopSurface = Enum.SurfaceType.Smooth
Part14.brickColor = BrickColor.new("Bright green")
Part15.Parent = Model10
Part15.CFrame = CFrame.new(-3233.39478, 173.525986, -1708.51306, 0.70983547, 0.00471757073, -0.704351425, 0.272522271, 0.920259655, 0.280807883, 0.64951098, -0.391278923, 0.651947677)
Part15.Orientation = Vector3.new(-16.309999465942383, -47.209999084472656, 16.5)
Part15.Position = Vector3.new(-3233.394775390625, 173.52598571777344, -1708.5130615234375)
Part15.Rotation = Vector3.new(-23.299999237060547, -44.779998779296875, -0.3799999952316284)
Part15.Color = Color3.new(0.294118, 0.592157, 0.294118)
Part15.Size = Vector3.new(6.320974826812744, 0.9876518845558167, 6.320974826812744)
Part15.Anchored = true
Part15.BottomSurface = Enum.SurfaceType.Smooth
Part15.BrickColor = BrickColor.new("Bright green")
Part15.Material = Enum.Material.Grass
Part15.TopSurface = Enum.SurfaceType.Smooth
Part15.brickColor = BrickColor.new("Bright green")
Part16.Parent = Model10
Part16.CFrame = CFrame.new(-3231.92334, 173.818085, -1707.04944, 0.70983547, 0.00471757073, -0.704351425, 0.272522271, 0.920259655, 0.280807883, 0.64951098, -0.391278923, 0.651947677)
Part16.Orientation = Vector3.new(-16.309999465942383, -47.209999084472656, 16.5)
Part16.Position = Vector3.new(-3231.92333984375, 173.81808471679688, -1707.0494384765625)
Part16.Rotation = Vector3.new(-23.299999237060547, -44.779998779296875, -0.3799999952316284)
Part16.Color = Color3.new(0.294118, 0.592157, 0.294118)
Part16.Size = Vector3.new(0.9876522421836853, 1.1851823329925537, 6.320974826812744)
Part16.Anchored = true
Part16.BottomSurface = Enum.SurfaceType.Smooth
Part16.BrickColor = BrickColor.new("Bright green")
Part16.Material = Enum.Material.Grass
Part16.TopSurface = Enum.SurfaceType.Smooth
Part16.brickColor = BrickColor.new("Bright green")
Part17.Parent = Model10
Part17.CFrame = CFrame.new(-3232.13477, 173.373657, -1707.08789, 0.70983547, 0.00471757073, -0.704351425, 0.272522271, 0.920259655, 0.280807883, 0.64951098, -0.391278923, 0.651947677)
Part17.Orientation = Vector3.new(-16.309999465942383, -47.209999084472656, 16.5)
Part17.Position = Vector3.new(-3232.134765625, 173.3736572265625, -1707.087890625)
Part17.Rotation = Vector3.new(-23.299999237060547, -44.779998779296875, -0.3799999952316284)
Part17.Color = Color3.new(0.294118, 0.592157, 0.294118)
Part17.Size = Vector3.new(0.39506086707115173, 1.9753038883209229, 6.320974826812744)
Part17.Anchored = true
Part17.BottomSurface = Enum.SurfaceType.Smooth
Part17.BrickColor = BrickColor.new("Bright green")
Part17.Material = Enum.Material.Grass
Part17.TopSurface = Enum.SurfaceType.Smooth
Part17.brickColor = BrickColor.new("Bright green")
Part18.Parent = Model10
Part18.CFrame = CFrame.new(-3234.03271, 172.100876, -1708.5896, 0.70983547, 0.00471757073, -0.704351425, 0.272522271, 0.920259655, 0.280807883, 0.64951098, -0.391278923, 0.651947677)
Part18.Orientation = Vector3.new(-16.309999465942383, -47.209999084472656, 16.5)
Part18.Position = Vector3.new(-3234.03271484375, 172.1008758544922, -1708.589599609375)
Part18.Rotation = Vector3.new(-23.299999237060547, -44.779998779296875, -0.3799999952316284)
Part18.Color = Color3.new(0.294118, 0.592157, 0.294118)
Part18.Size = Vector3.new(1.7777739763259888, 3.160486936569214, 6.320974826812744)
Part18.Anchored = true
Part18.BottomSurface = Enum.SurfaceType.Smooth
Part18.BrickColor = BrickColor.new("Bright green")
Part18.Material = Enum.Material.Grass
Part18.TopSurface = Enum.SurfaceType.Smooth
Part18.brickColor = BrickColor.new("Bright green")
Part19.Parent = Model10
Part19.CFrame = CFrame.new(-3233.11987, 172.723267, -1707.87097, 0.70983547, 0.00471757073, -0.704351425, 0.272522271, 0.920259655, 0.280807883, 0.64951098, -0.391278923, 0.651947677)
Part19.Orientation = Vector3.new(-16.309999465942383, -47.209999084472656, 16.5)
Part19.Position = Vector3.new(-3233.119873046875, 172.7232666015625, -1707.8709716796875)
Part19.Rotation = Vector3.new(-23.299999237060547, -44.779998779296875, -0.3799999952316284)
Part19.Color = Color3.new(0.294118, 0.592157, 0.294118)
Part19.Size = Vector3.new(0.7901217341423035, 2.5678951740264893, 6.320974826812744)
Part19.Anchored = true
Part19.BottomSurface = Enum.SurfaceType.Smooth
Part19.BrickColor = BrickColor.new("Bright green")
Part19.Material = Enum.Material.Grass
Part19.TopSurface = Enum.SurfaceType.Smooth
Part19.brickColor = BrickColor.new("Bright green")
Part20.Parent = Model10
Part20.CFrame = CFrame.new(-3232.70166, 172.33931, -1707.25488, 0.70983547, 0.00471757073, -0.704351425, 0.272522271, 0.920259655, 0.280807883, 0.64951098, -0.391278923, 0.651947677)
Part20.Orientation = Vector3.new(-16.309999465942383, -47.209999084472656, 16.5)
Part20.Position = Vector3.new(-3232.70166015625, 172.3393096923828, -1707.2548828125)
Part20.Rotation = Vector3.new(-23.299999237060547, -44.779998779296875, -0.3799999952316284)
Part20.Color = Color3.new(0.294118, 0.592157, 0.294118)
Part20.Size = Vector3.new(0.3950609266757965, 3.7530782222747803, 6.320974826812744)
Part20.Anchored = true
Part20.BottomSurface = Enum.SurfaceType.Smooth
Part20.BrickColor = BrickColor.new("Bright green")
Part20.Material = Enum.Material.Grass
Part20.TopSurface = Enum.SurfaceType.Smooth
Part20.brickColor = BrickColor.new("Bright green")
Part21.Parent = Model10
Part21.CFrame = CFrame.new(-3233.3999, 172.616226, -1708.12708, 0.704351425, 0.00471757073, 0.70983547, -0.280807883, 0.920259655, 0.272522271, -0.651947677, -0.391278923, 0.64951098)
Part21.Orientation = Vector3.new(-15.8100004196167, 47.540000915527344, -16.969999313354492)
Part21.Position = Vector3.new(-3233.39990234375, 172.61622619628906, -1708.1270751953125)
Part21.Rotation = Vector3.new(-22.760000228881836, 45.220001220703125, -0.3799999952316284)
Part21.Color = Color3.new(0.294118, 0.592157, 0.294118)
Part21.Size = Vector3.new(0.7901217341423035, 2.5678951740264893, 6.320974826812744)
Part21.Anchored = true
Part21.BottomSurface = Enum.SurfaceType.Smooth
Part21.BrickColor = BrickColor.new("Bright green")
Part21.Material = Enum.Material.Grass
Part21.TopSurface = Enum.SurfaceType.Smooth
Part21.brickColor = BrickColor.new("Bright green")
Part22.Parent = Model10
Part22.CFrame = CFrame.new(-3234.30542, 172.704681, -1707.17273, 0.704351425, 0.00471757073, 0.70983547, -0.280807883, 0.920259655, 0.272522271, -0.651947677, -0.391278923, 0.64951098)
Part22.Orientation = Vector3.new(-15.8100004196167, 47.540000915527344, -16.969999313354492)
Part22.Position = Vector3.new(-3234.305419921875, 172.70468139648438, -1707.1727294921875)
Part22.Rotation = Vector3.new(-22.760000228881836, 45.220001220703125, -0.3799999952316284)
Part22.Color = Color3.new(0.294118, 0.592157, 0.294118)
Part22.Size = Vector3.new(1.7777739763259888, 3.160486936569214, 6.320974826812744)
Part22.Anchored = true
Part22.BottomSurface = Enum.SurfaceType.Smooth
Part22.BrickColor = BrickColor.new("Bright green")
Part22.Material = Enum.Material.Grass
Part22.TopSurface = Enum.SurfaceType.Smooth
Part22.brickColor = BrickColor.new("Bright green")
Part23.Parent = Model1
Part23.CFrame = CFrame.new(-3233.72778, 166.78067, -1711.22192, -0.932718039, 0.140529633, 0.332097173, -0.0188867673, 0.900638938, -0.434157342, -0.360111713, -0.411218613, -0.837387979)
Part23.Orientation = Vector3.new(25.729999542236328, 158.3699951171875, -1.2000000476837158)
Part23.Position = Vector3.new(-3233.727783203125, 166.78067016601562, -1711.221923828125)
Part23.Rotation = Vector3.new(152.58999633789062, 19.399999618530273, -171.42999267578125)
Part23.Color = Color3.new(0.356863, 0.364706, 0.411765)
Part23.Size = Vector3.new(5.360252380371094, 5.360252380371094, 5.360252380371094)
Part23.Anchored = true
Part23.BottomSurface = Enum.SurfaceType.Smooth
Part23.BrickColor = BrickColor.new("Smoky grey")
Part23.Material = Enum.Material.Slate
Part23.TopSurface = Enum.SurfaceType.Smooth
Part23.brickColor = BrickColor.new("Smoky grey")
Part24.Parent = Model1
Part24.CFrame = CFrame.new(-3238.55981, 162.116257, -1709.51575, 0.657402694, 0.338355184, 0.673303485, -0.0188867673, 0.900638938, -0.434157342, -0.753302932, 0.272699744, 0.598472834)
Part24.Orientation = Vector3.new(25.729999542236328, 48.369998931884766, -1.2000000476837158)
Part24.Position = Vector3.new(-3238.559814453125, 162.1162567138672, -1709.5157470703125)
Part24.Rotation = Vector3.new(35.959999084472656, 42.31999969482422, -27.229999542236328)
Part24.Color = Color3.new(0.356863, 0.364706, 0.411765)
Part24.Size = Vector3.new(3.216151475906372, 8.576403617858887, 3.216151475906372)
Part24.Anchored = true
Part24.BottomSurface = Enum.SurfaceType.Smooth
Part24.BrickColor = BrickColor.new("Smoky grey")
Part24.Material = Enum.Material.Slate
Part24.TopSurface = Enum.SurfaceType.Smooth
Part24.brickColor = BrickColor.new("Smoky grey")
Model25.Parent = Model1
Part26.Parent = Model25
Part26.CFrame = CFrame.new(-3233.45142, 171.52388, -1711.94531, 0.855146348, 0.22797358, 0.465566605, -0.266091615, 0.963800788, 0.0168098956, -0.44488138, -0.138258308, 0.884853065)
Part26.Orientation = Vector3.new(-0.9599999785423279, 27.75, -15.430000305175781)
Part26.Position = Vector3.new(-3233.451416015625, 171.5238800048828, -1711.9453125)
Part26.Rotation = Vector3.new(-1.090000033378601, 27.75, -14.930000305175781)
Part26.Color = Color3.new(0.356863, 0.364706, 0.411765)
Part26.Size = Vector3.new(5.925913333892822, 5.925913333892822, 5.925913333892822)
Part26.Anchored = true
Part26.BottomSurface = Enum.SurfaceType.Smooth
Part26.BrickColor = BrickColor.new("Smoky grey")
Part26.Material = Enum.Material.Slate
Part26.TopSurface = Enum.SurfaceType.Smooth
Part26.brickColor = BrickColor.new("Smoky grey")
Part27.Parent = Model25
Part27.CFrame = CFrame.new(-3233.43555, 172.751709, -1712.64551, -0.465566605, 0.22797358, 0.855146348, -0.0168098956, 0.963800788, -0.266091615, -0.884853065, -0.138258308, -0.44488138)
Part27.Orientation = Vector3.new(15.430000305175781, 117.48999786376953, -1)
Part27.Position = Vector3.new(-3233.435546875, 172.751708984375, -1712.6455078125)
Part27.Rotation = Vector3.new(149.1199951171875, 58.779998779296875, -153.91000366210938)
Part27.Color = Color3.new(0.294118, 0.592157, 0.294118)
Part27.Size = Vector3.new(0.3950609266757965, 3.7530782222747803, 6.320974826812744)
Part27.Anchored = true
Part27.BottomSurface = Enum.SurfaceType.Smooth
Part27.BrickColor = BrickColor.new("Bright green")
Part27.Material = Enum.Material.Grass
Part27.TopSurface = Enum.SurfaceType.Smooth
Part27.brickColor = BrickColor.new("Bright green")
Part28.Parent = Model25
Part28.CFrame = CFrame.new(-3233.60156, 173.595062, -1713.4696, -0.465566605, 0.22797358, 0.855146348, -0.0168098956, 0.963800788, -0.266091615, -0.884853065, -0.138258308, -0.44488138)
Part28.Orientation = Vector3.new(15.430000305175781, 117.48999786376953, -1)
Part28.Position = Vector3.new(-3233.6015625, 173.59506225585938, -1713.4696044921875)
Part28.Rotation = Vector3.new(149.1199951171875, 58.779998779296875, -153.91000366210938)
Part28.Color = Color3.new(0.294118, 0.592157, 0.294118)
Part28.Size = Vector3.new(0.39506086707115173, 1.9753038883209229, 6.320974826812744)
Part28.Anchored = true
Part28.BottomSurface = Enum.SurfaceType.Smooth
Part28.BrickColor = BrickColor.new("Bright green")
Part28.Material = Enum.Material.Grass
Part28.TopSurface = Enum.SurfaceType.Smooth
Part28.brickColor = BrickColor.new("Bright green")
Part29.Parent = Model25
Part29.CFrame = CFrame.new(-3233.64917, 173.970581, -1713.78638, -0.465566605, 0.22797358, 0.855146348, -0.0168098956, 0.963800788, -0.266091615, -0.884853065, -0.138258308, -0.44488138)
Part29.Orientation = Vector3.new(15.430000305175781, 117.48999786376953, -1)
Part29.Position = Vector3.new(-3233.649169921875, 173.9705810546875, -1713.786376953125)
Part29.Rotation = Vector3.new(149.1199951171875, 58.779998779296875, -153.91000366210938)
Part29.Color = Color3.new(0.294118, 0.592157, 0.294118)
Part29.Size = Vector3.new(0.9876522421836853, 1.1851823329925537, 6.320974826812744)
Part29.Anchored = true
Part29.BottomSurface = Enum.SurfaceType.Smooth
Part29.BrickColor = BrickColor.new("Bright green")
Part29.Material = Enum.Material.Grass
Part29.TopSurface = Enum.SurfaceType.Smooth
Part29.brickColor = BrickColor.new("Bright green")
Part30.Parent = Model25
Part30.CFrame = CFrame.new(-3232.79858, 174.284592, -1712.34082, 0.855146348, 0.22797358, 0.465566605, -0.266091615, 0.963800788, 0.0168098956, -0.44488138, -0.138258308, 0.884853065)
Part30.Orientation = Vector3.new(-0.9599999785423279, 27.75, -15.430000305175781)
Part30.Position = Vector3.new(-3232.798583984375, 174.2845916748047, -1712.3408203125)
Part30.Rotation = Vector3.new(-1.090000033378601, 27.75, -14.930000305175781)
Part30.Color = Color3.new(0.294118, 0.592157, 0.294118)
Part30.Size = Vector3.new(6.320974826812744, 0.9876518845558167, 6.320974826812744)
Part30.Anchored = true
Part30.BottomSurface = Enum.SurfaceType.Smooth
Part30.BrickColor = BrickColor.new("Bright green")
Part30.Material = Enum.Material.Grass
Part30.TopSurface = Enum.SurfaceType.Smooth
Part30.brickColor = BrickColor.new("Bright green")
Part31.Parent = Model25
Part31.CFrame = CFrame.new(-3231.09155, 173.446732, -1713.2229, 0.855146348, 0.22797358, 0.465566605, -0.266091615, 0.963800788, 0.0168098956, -0.44488138, -0.138258308, 0.884853065)
Part31.Orientation = Vector3.new(-0.9599999785423279, 27.75, -15.430000305175781)
Part31.Position = Vector3.new(-3231.091552734375, 173.4467315673828, -1713.222900390625)
Part31.Rotation = Vector3.new(-1.090000033378601, 27.75, -14.930000305175781)
Part31.Color = Color3.new(0.294118, 0.592157, 0.294118)
Part31.Size = Vector3.new(0.9876522421836853, 1.1851823329925537, 6.320974826812744)
Part31.Anchored = true
Part31.BottomSurface = Enum.SurfaceType.Smooth
Part31.BrickColor = BrickColor.new("Bright green")
Part31.Material = Enum.Material.Grass
Part31.TopSurface = Enum.SurfaceType.Smooth
Part31.brickColor = BrickColor.new("Bright green")
Part32.Parent = Model25
Part32.CFrame = CFrame.new(-3231.43604, 173.144745, -1713.03674, 0.855146348, 0.22797358, 0.465566605, -0.266091615, 0.963800788, 0.0168098956, -0.44488138, -0.138258308, 0.884853065)
Part32.Orientation = Vector3.new(-0.9599999785423279, 27.75, -15.430000305175781)
Part32.Position = Vector3.new(-3231.43603515625, 173.14474487304688, -1713.0367431640625)
Part32.Rotation = Vector3.new(-1.090000033378601, 27.75, -14.930000305175781)
Part32.Color = Color3.new(0.294118, 0.592157, 0.294118)
Part32.Size = Vector3.new(0.39506086707115173, 1.9753038883209229, 6.320974826812744)
Part32.Anchored = true
Part32.BottomSurface = Enum.SurfaceType.Smooth
Part32.BrickColor = BrickColor.new("Bright green")
Part32.Material = Enum.Material.Grass
Part32.TopSurface = Enum.SurfaceType.Smooth
Part32.brickColor = BrickColor.new("Bright green")
Part33.Parent = Model25
Part33.CFrame = CFrame.new(-3233.85278, 173.283722, -1711.76746, 0.855146348, 0.22797358, 0.465566605, -0.266091615, 0.963800788, 0.0168098956, -0.44488138, -0.138258308, 0.884853065)
Part33.Orientation = Vector3.new(-0.9599999785423279, 27.75, -15.430000305175781)
Part33.Position = Vector3.new(-3233.852783203125, 173.28372192382812, -1711.7674560546875)
Part33.Rotation = Vector3.new(-1.090000033378601, 27.75, -14.930000305175781)
Part33.Color = Color3.new(0.294118, 0.592157, 0.294118)
Part33.Size = Vector3.new(1.7777739763259888, 3.160486936569214, 6.320974826812744)
Part33.Anchored = true
Part33.BottomSurface = Enum.SurfaceType.Smooth
Part33.BrickColor = BrickColor.new("Bright green")
Part33.Material = Enum.Material.Grass
Part33.TopSurface = Enum.SurfaceType.Smooth
Part33.brickColor = BrickColor.new("Bright green")
Part34.Parent = Model25
Part34.CFrame = CFrame.new(-3232.6875, 173.227386, -1712.37927, 0.855146348, 0.22797358, 0.465566605, -0.266091615, 0.963800788, 0.0168098956, -0.44488138, -0.138258308, 0.884853065)
Part34.Orientation = Vector3.new(-0.9599999785423279, 27.75, -15.430000305175781)
Part34.Position = Vector3.new(-3232.6875, 173.22738647460938, -1712.3792724609375)
Part34.Rotation = Vector3.new(-1.090000033378601, 27.75, -14.930000305175781)
Part34.Color = Color3.new(0.294118, 0.592157, 0.294118)
Part34.Size = Vector3.new(0.7901217341423035, 2.5678951740264893, 6.320974826812744)
Part34.Anchored = true
Part34.BottomSurface = Enum.SurfaceType.Smooth
Part34.BrickColor = BrickColor.new("Bright green")
Part34.Material = Enum.Material.Grass
Part34.TopSurface = Enum.SurfaceType.Smooth
Part34.brickColor = BrickColor.new("Bright green")
Part35.Parent = Model25
Part35.CFrame = CFrame.new(-3232.31641, 172.498871, -1712.56104, 0.855146348, 0.22797358, 0.465566605, -0.266091615, 0.963800788, 0.0168098956, -0.44488138, -0.138258308, 0.884853065)
Part35.Orientation = Vector3.new(-0.9599999785423279, 27.75, -15.430000305175781)
Part35.Position = Vector3.new(-3232.31640625, 172.49887084960938, -1712.56103515625)
Part35.Rotation = Vector3.new(-1.090000033378601, 27.75, -14.930000305175781)
Part35.Color = Color3.new(0.294118, 0.592157, 0.294118)
Part35.Size = Vector3.new(0.3950609266757965, 3.7530782222747803, 6.320974826812744)
Part35.Anchored = true
Part35.BottomSurface = Enum.SurfaceType.Smooth
Part35.BrickColor = BrickColor.new("Bright green")
Part35.Material = Enum.Material.Grass
Part35.TopSurface = Enum.SurfaceType.Smooth
Part35.brickColor = BrickColor.new("Bright green")
Part36.Parent = Model25
Part36.CFrame = CFrame.new(-3233.02441, 173.33252, -1712.20349, -0.465566605, 0.22797358, 0.855146348, -0.0168098956, 0.963800788, -0.266091615, -0.884853065, -0.138258308, -0.44488138)
Part36.Orientation = Vector3.new(15.430000305175781, 117.48999786376953, -1)
Part36.Position = Vector3.new(-3233.0244140625, 173.33251953125, -1712.2034912109375)
Part36.Rotation = Vector3.new(149.1199951171875, 58.779998779296875, -153.91000366210938)
Part36.Color = Color3.new(0.294118, 0.592157, 0.294118)
Part36.Size = Vector3.new(0.7901217341423035, 2.5678951740264893, 6.320974826812744)
Part36.Anchored = true
Part36.BottomSurface = Enum.SurfaceType.Smooth
Part36.BrickColor = BrickColor.new("Bright green")
Part36.Material = Enum.Material.Grass
Part36.TopSurface = Enum.SurfaceType.Smooth
Part36.brickColor = BrickColor.new("Bright green")
Part37.Parent = Model25
Part37.CFrame = CFrame.new(-3232.49268, 173.068268, -1711.02673, -0.465566605, 0.22797358, 0.855146348, -0.0168098956, 0.963800788, -0.266091615, -0.884853065, -0.138258308, -0.44488138)
Part37.Orientation = Vector3.new(15.430000305175781, 117.48999786376953, -1)
Part37.Position = Vector3.new(-3232.49267578125, 173.06826782226562, -1711.0267333984375)
Part37.Rotation = Vector3.new(149.1199951171875, 58.779998779296875, -153.91000366210938)
Part37.Color = Color3.new(0.294118, 0.592157, 0.294118)
Part37.Size = Vector3.new(1.7777739763259888, 3.160486936569214, 6.320974826812744)
Part37.Anchored = true
Part37.BottomSurface = Enum.SurfaceType.Smooth
Part37.BrickColor = BrickColor.new("Bright green")
Part37.Material = Enum.Material.Grass
Part37.TopSurface = Enum.SurfaceType.Smooth
Part37.brickColor = BrickColor.new("Bright green")
Model38.Parent = Model1
Part39.Parent = Model38
Part39.CFrame = CFrame.new(-3237.30176, 171.954468, -1707.4259, 0.949626207, 0.184897393, 0.253026098, -0.233585358, 0.955873728, 0.178164318, -0.208918959, -0.228292778, 0.950912774)
Part39.Orientation = Vector3.new(-10.260000228881836, 14.899999618530273, -13.729999542236328)
Part39.Position = Vector3.new(-3237.3017578125, 171.9544677734375, -1707.4259033203125)
Part39.Rotation = Vector3.new(-10.609999656677246, 14.65999984741211, -11.020000457763672)
Part39.Color = Color3.new(0.356863, 0.364706, 0.411765)
Part39.Size = Vector3.new(5.925913333892822, 5.925913333892822, 5.925913333892822)
Part39.Anchored = true
Part39.BottomSurface = Enum.SurfaceType.Smooth
Part39.BrickColor = BrickColor.new("Smoky grey")
Part39.Material = Enum.Material.Slate
Part39.TopSurface = Enum.SurfaceType.Smooth
Part39.brickColor = BrickColor.new("Smoky grey")
Part40.Parent = Model38
Part40.CFrame = CFrame.new(-3237.21655, 173.076508, -1708.28101, -0.253026098, 0.184897393, 0.949626207, -0.178164318, 0.955873728, -0.233585358, -0.950912774, -0.228292778, -0.208918959)
Part40.Orientation = Vector3.new(13.510000228881836, 102.41000366210938, -10.5600004196167)
Part40.Position = Vector3.new(-3237.216552734375, 173.07650756835938, -1708.281005859375)
Part40.Rotation = Vector3.new(131.80999755859375, 71.73999786376953, -143.83999633789062)
